         1        29       475            1.25        6.949804
         1        30       474            1.25        6.949804
         1        30       475            1.25        6.949804
         1        31       474            1.25        6.949804
         1        32       474            1.25        6.949804
         1        33       474            1.25        6.949804
         1        34       474            1.25        6.949804
         1        35       473            1.25        6.949804
         1        35       474            1.25        6.949804
         1        36       473            1.25        6.949804
         1        37       473            1.25        6.949804
         1        38       473            1.25        6.949804
         1        39       473            1.25        6.949804
         1        40       473            1.25        6.949804
         1        41       472            1.25        6.949804
         1        41       473            1.25        6.949804
         1        42       472            1.25        6.949804
         1        43       472            1.25        6.949804
         1        44       472            1.25        6.949804
         1        45       472            1.25        6.949804
         1        46       472            1.25        6.949804
         1        47       471            1.25        6.949804
         1        47       472            1.25        6.949804
         1        48       471            1.25        6.949804
         1        49       471            1.25        11.48982
         1        50       471            1.25        11.48982
         1        51       471            1.25        11.48982
         1        52       471            1.25        11.48982
         1        53       471            1.25        11.48982
         1        54       470            1.25        11.48982
         1        54       471            1.25        11.48982
         1        55       470            1.25        11.48982
         1        56       470            1.25        11.48982
         1        57       470            1.25        11.48982
         1        58       470            1.25        11.48982
         1        59       470            1.25        11.48982
         1        60       470            1.25        11.48982
         1        61       470            1.25        11.48982
         1        62       470            1.25        11.48982
         1        63       470            1.25        11.48982
         1        64       470            1.25        11.48982
         1        65       470            1.25        11.48982
         1        66       470            1.25        11.48982
         1        67       470            1.25        11.48982
         1        68       470            1.25        11.48982
         1        69       470            1.25        11.48982
         1        70       470            1.25        11.48982
         1        71       470            1.25        11.48982
         1        72       470            1.25        11.48982
         1        73       470            1.25        16.89778
         1        74       470            1.25        16.89778
         1        75       470            1.25        16.89778
         1        76       470            1.25        16.89778
         1        77       470            1.25        16.89778
         1        78       470            1.25        16.89778
         1        79       470            1.25        16.89778
         1        80       470            1.25        16.89778
         1        81       470            1.25        16.89778
         1        81       471            1.25        16.89778
         1        82       471            1.25        16.89778
         1        83       471            1.25        16.89778
         1        84       471            1.25        16.89778
         1        85       471            1.25        16.89778
         1        86       471            1.25        16.89778
         1        87       471            1.25        16.89778
         1        88       471            1.25        16.89778
         1        89       471            1.25        16.89778
         1        90       471            1.25        6.030065
         1        91       471            1.25        6.030065
         1        92       471            1.25        6.030065
         1        92       472            1.25        6.030065
         1        93       472            1.25        6.030065
         1        94       472            1.25        6.030065
         1        95       472            1.25        6.030065
         1        96       472            1.25        6.030065
         1        97       472            1.25        6.030065
         1        98       472            1.25        6.030065
         1        99       472            1.25        6.030065
         1        99       473            1.25        6.030065
         1       100       473            1.25        6.030065
         1       101       473            1.25        6.030065
         1       102       473            1.25        6.030065
         1       103       473            1.25        6.030065
         1       104       473            1.25        6.030065
         1       105       473            1.25        6.030065
         1       105       474            1.25        6.030065
         1       106       474            1.25        6.030065
         1       107       474            1.25        6.030065
         1       108       474            1.25        6.030065
         1       108       475            1.25        6.030065
         1       109       475            1.25        4.929721
         1       110       475            1.25        4.929721
         1       111       475            1.25        4.929721
         1       111       476            1.25        4.929721
         1       112       476            1.25        4.929721
         1       113       476            1.25        4.929721
         1       114       476            1.25        4.929721
         1       114       477            1.25        4.929721
         1       115       477            1.25        4.929721
         1       116       477            1.25        4.929721
         1       117       477            1.25        4.929721
         1       117       478            1.25        4.929721
         1       118       478            1.25        4.929721
         1       119       478            1.25        4.929721
         1       120       478            1.25        4.929721
         1       121       478            1.25        4.929721
         1       121       479            1.25        4.929721
         1       122       479            1.25        4.929721
         1       123       479            1.25        4.929721
         1       124       479            1.25        4.929721
         1       124       480            1.25        4.929721
         1       125       480            1.25        4.929721
         1       126       480            1.25        4.929721
         1       127       480            1.25        4.929721
         1       127       481            1.25        4.929721
         1       128       481            1.25        4.929721
         1       129       481            1.25        4.929721
         1       129       482            1.25        4.929721
         1       130       482            1.25        4.929721
         1       131       482            1.25        4.929721
         1       131       483            1.25        4.929721
         1       132       483            1.25        4.929721
         1       133       483            1.25        4.929721
         1       134       483            1.25        4.929721
         1       134       484            1.25        4.929721
         1       135       484            1.25        10.06724
         1       136       484            1.25        10.06724
         1       136       485            1.25        10.06724
         1       137       485            1.25        10.06724
         1       138       485            1.25        10.06724
         1       138       486            1.25        10.06724
         1       139       486            1.25        10.06724
         1       140       486            1.25        10.06724
         1       140       487            1.25        10.06724
         1       141       487            1.25        10.06724
         1       142       487            1.25        10.06724
         1       142       488            1.25        10.06724
         1       143       488            1.25        10.06724
         1       144       488            1.25        10.06724
         1       145       488            1.25        10.06724
         1       146       488            1.25        10.06724
         1       146       489            1.25        10.06724
         1       147       489            1.25        10.06724
         1       148       489            1.25        10.06724
         1       149       489            1.25        10.06724
         1       149       490            1.25        10.06724
         1       150       490            1.25        10.06724
         1       151       490            1.25        10.06724
         1       151       491            1.25        10.06724
         1       152       491            1.25        10.06724
         1       153       491            1.25        100000.0
         1       153       492            1.25        100000.0
         1       154       492            1.25        100000.0
         1       155       492            1.25        100000.0
         1       155       493            1.25        100000.0
         1       156       493            1.25        100000.0
         1       157       493            1.25        100000.0
         1       157       494            1.25        100000.0
         1       158       494            1.25        100000.0
         1       158       495            1.25        100000.0
         1       159       495            1.25        100000.0
         1       160       495            1.25        100000.0
         1       160       496            1.25        100000.0
         1       161       496            1.25        100000.0
         1       162       496            1.25        100000.0
         1       162       497            1.25        100000.0
         1       163       497            1.25        100000.0
         1       163       498            1.25        100000.0
         1       164       498            1.25        100000.0
         1       164       499            1.25        100000.0
         1       165       499            1.25        100000.0
         1       165       500            1.25        100000.0
         1       166       500            1.25        100000.0
         1       166       501            1.25        100000.0
         1       167       501            1.25        100000.0
         2        29       475             3.0        30.84189
         2        30       474             3.0        30.84189
         2        30       475             3.0        30.84189
         2        31       474             3.0        30.84189
         2        32       474             3.0        30.84189
         2        33       474             3.0        30.84189
         2        34       474             3.0        30.84189
         2        35       473             3.0        30.84189
         2        35       474             3.0        30.84189
         2        36       473             3.0        30.84189
         2        37       473             3.0        30.84189
         2        38       473             3.0        30.84189
         2        39       473             3.0        30.84189
         2        40       473             3.0        30.84189
         2        41       472             3.0        30.84189
         2        41       473             3.0        30.84189
         2        42       472             3.0        30.84189
         2        43       472             3.0        30.84189
         2        44       472             3.0        30.84189
         2        45       472             3.0        30.84189
         2        46       472             3.0        30.84189
         2        47       471             3.0        30.84189
         2        47       472             3.0        30.84189
         2        48       471             3.0        30.84189
         2        49       471             3.0        30.84189
         2        50       471             3.0        30.84189
         2        51       471             3.0        30.84189
         2        52       471             3.0        30.84189
         2        53       471             3.0        30.84189
         2        54       470             3.0        95.23769
         2        54       471             3.0        95.23769
         2        55       470             3.0        95.23769
         2        56       470             3.0        95.23769
         2        57       470             3.0        95.23769
         2        58       470             3.0        95.23769
         2        59       470             3.0        95.23769
         2        60       470             3.0        95.23769
         2        61       470             3.0        95.23769
         2        62       470             3.0        95.23769
         2        63       470             3.0        95.23769
         2        64       470             3.0        95.23769
         2        65       470             3.0        95.23769
         2        66       470             3.0        95.23769
         2        67       470             3.0        95.23769
         2        68       470             3.0        95.23769
         2        69       470             3.0        95.23769
         2        70       470             3.0        95.23769
         2        71       470             3.0        95.23769
         2        72       470             3.0        95.23769
         2        73       470             3.0        95.23769
         2        74       470             3.0        95.23769
         2        75       470             3.0        38.73635
         2        76       470             3.0        38.73635
         2        77       470             3.0        38.73635
         2        78       470             3.0        38.73635
         2        79       470             3.0        38.73635
         2        80       470             3.0        38.73635
         2        81       470             3.0        38.73635
         2        81       471             3.0        38.73635
         2        82       471             3.0        38.73635
         2        83       471             3.0        38.73635
         2        84       471             3.0        38.73635
         2        85       471             3.0        38.73635
         2        86       471             3.0        38.73635
         2        87       471             3.0        38.73635
         2        88       471             3.0        38.73635
         2        89       471             3.0        38.73635
         2        90       471             3.0        38.73635
         2        91       471             3.0        38.73635
         2        92       471             3.0        38.73635
         2        92       472             3.0        38.73635
         2        93       472             3.0        38.73635
         2        94       472             3.0         3.76781
         2        95       472             3.0         3.76781
         2        96       472             3.0         3.76781
         2        97       472             3.0         3.76781
         2        98       472             3.0         3.76781
         2        99       472             3.0         3.76781
         2        99       473             3.0         3.76781
         2       100       473             3.0         3.76781
         2       101       473             3.0         3.76781
         2       102       473             3.0         3.76781
         2       103       473             3.0         3.76781
         2       104       473             3.0         3.76781
         2       105       473             3.0         3.76781
         2       105       474             3.0         3.76781
         2       106       474             3.0         3.76781
         2       107       474             3.0         3.76781
         2       108       474             3.0         3.76781
         2       108       475             3.0         3.76781
         2       109       475             3.0         3.76781
         2       110       475             3.0         3.76781
         2       111       475             3.0         3.76781
         2       111       476             3.0         3.76781
         2       112       476             3.0         3.76781
         2       113       476             3.0        26.50856
         2       114       476             3.0        26.50856
         2       114       477             3.0        26.50856
         2       115       477             3.0        26.50856
         2       116       477             3.0        26.50856
         2       117       477             3.0        26.50856
         2       117       478             3.0        26.50856
         2       118       478             3.0        26.50856
         2       119       478             3.0        26.50856
         2       120       478             3.0        26.50856
         2       121       478             3.0        26.50856
         2       121       479             3.0        26.50856
         2       122       479             3.0        26.50856
         2       123       479             3.0        26.50856
         2       124       479             3.0        26.50856
         2       124       480             3.0        26.50856
         2       125       480             3.0        26.50856
         2       126       480             3.0        26.50856
         2       127       480             3.0        26.50856
         2       127       481             3.0        26.50856
         2       128       481             3.0        26.50856
         2       129       481             3.0        26.50856
         2       129       482             3.0        26.50856
         2       130       482             3.0        26.50856
         2       131       482             3.0        26.50856
         2       131       483             3.0        26.50856
         2       132       483             3.0        93.12962
         2       133       483             3.0        93.12962
         2       134       483             3.0        93.12962
         2       134       484             3.0        93.12962
         2       135       484             3.0        93.12962
         2       136       484             3.0        93.12962
         2       136       485             3.0        93.12962
         2       137       485             3.0        93.12962
         2       138       485             3.0        93.12962
         2       138       486             3.0        93.12962
         2       139       486             3.0        93.12962
         2       140       486             3.0        93.12962
         2       140       487             3.0        93.12962
         2       141       487             3.0        93.12962
         2       142       487             3.0        93.12962
         2       142       488             3.0        93.12962
         2       143       488             3.0        93.12962
         2       144       488             3.0        93.12962
         2       145       488             3.0        93.12962
         2       146       488             3.0        93.12962
         2       146       489             3.0        93.12962
         2       147       489             3.0        93.12962
         2       148       489             3.0        93.12962
         2       149       489             3.0        93.12962
         2       149       490             3.0        93.12962
         2       150       490             3.0        93.12962
         2       151       490             3.0        93.12962
         2       151       491             3.0        93.12962
         2       152       491             3.0        276.2927
         2       153       491             3.0        276.2927
         2       153       492             3.0        276.2927
         2       154       492             3.0        276.2927
         2       155       492             3.0        276.2927
         2       155       493             3.0        276.2927
         2       156       493             3.0        276.2927
         2       157       493             3.0        276.2927
         2       157       494             3.0        276.2927
         2       158       494             3.0        276.2927
         2       158       495             3.0        276.2927
         2       159       495             3.0        276.2927
         2       160       495             3.0        276.2927
         2       160       496             3.0        276.2927
         2       161       496             3.0        276.2927
         2       162       496             3.0        276.2927
         2       162       497             3.0        276.2927
         2       163       497             3.0        276.2927
         2       163       498             3.0        276.2927
         2       164       498             3.0        276.2927
         2       164       499             3.0        276.2927
         2       165       499             3.0        276.2927
         2       165       500             3.0        276.2927
         2       166       500             3.0        276.2927
         2       166       501             3.0        276.2927
         2       167       501             3.0        276.2927
         1        28       475            1.25        6.949804
         2        28       475             3.0        30.84189
